111, -332, -203, 216, 357	289 -158 -476 81 -333
-5, 377, 338, -245, -203	352 -232 188 242 200
-78, 244, 427, 63, 227	-204 -466 134 187 425
68, -308, -324, -191, 27	-105 426 239 140 -220
-216, -428, -178, -200, 294	358 -112 -95 260 -158
54, -129, 497, -483, 244	-149 202 -142 -378 349
401, -64, 8, -187, -287	206 -22 218 -141 -23
-71, 185, -293, -475, 129	468 -334 -408 -353 -394
-316, -49, 24, -362, -5	-481 68 -399 -204 199
-369, -489, -421, -76, 225	450 25 -285 -196 240
77, 233, 348, 149, -317	-382 249 -36 353 194
-23, -148, 8, -255, 163	-191 8 427 304 -156
-140, -237, 433, -149, 260	-97 -300 121 -341 -173
-231, -106, 457, -200, 374	249 136 -418 -130 -109
58, -33, -476, 204, -306	31 -304 276 408 166
-393, 228, -175, -292, 287	405 370 -88 151 344
458, -35, -375, 229, -242	-409 324 243 421 -254
404, 377, 102, 229, 202	-58 -374 431 -262 -477
-236, -164, -276, 125, 243	-185 -49 -464 134 -115
-401, -434, -493, 387, -51	-241 -172 488 379 -205
15, -390, 203, 473, -141	-353 -13 473 105 -421
-282, -101, -70, 235, 478	404 82 -464 394 50
-344, -33, -494, -140, 292	116 -212 -410 307 110
-401, 218, 425, -259, 254	-200 -415 -136 -256 325
-478, -279, 479, 86, -433	55 -86 -388 -183 7
431, -342, -299, -227, 297	357 -322 -301 377 -392
-202, 172, -297, 167, -288	-16 259 -406 -481 -304
157, -299, 410, 500, -227	-191 174 200 -108 -212
457, 458, 221, -175, -442	-64 452 -439 -94 -45
-296, 52, 194, 148, 193	-237 -95 -366 -292 10
227, -58, -287, -357, -270	268 -329 -32 -47 -56
-280, -309, 277, -234, -415	-54 -229 -274 -425 -217
155, -188, -31, -229, 39	208 -186 -253 -392 -191
76, -319, 151, -350, 125	357 -330 -158 416 -413
484, 268, 243, -176, 414	197 456 233 -6 -224
493, 203, -364, 322, -379	-178 -225 444 -179 120
-231, 310, 327, 324, -256	349 150 89 -221 460
337, 119, 335, 487, -310	132 194 334 109 420
271, 33, 158, 470, -461	-443 0 1 280 356
269, -445, -46, -92, -193	47 352 287 105 121
-451, 97, 183, 27, 32	-253 200 255 -181 264
-312, 450, -49, 44, -70	-334 356 242 347 402
43, -424, 237, -319, -58	232 45 -473 -493 451
322, -100, -257, 342, -168	269 -490 355 -2 -280
-231, -403, 307, 330, -169	-190 -495 -205 -226 162
432, 338, 406, -31, 65	-319 88 109 -376 357
-77, 1, 140, 88, -350	-235 -44 141 -379 80
431, -435, 222, -109, -380	381 382 98 -138 -197
-36, -325, -462, -20, 338	-413 -305 -496 -309 175
-24, -128, -348, -443, -345	-192 327 100 18 197
45, 302, 394, 191, -281	-425 105 82 2 -13
134, -414, -129, -488, 117	-330 167 -342 -177 266
-397, -136, -27, -33, 246	31 -338 436 336 -286
-31, 88, 327, 99, 73	274 -160 -411 -106 -131
220, 310, -349, -387, -229	143 320 -189 -286 109
-165, 87, -483, 258, -366	481 -107 -119 354 -41
-235, -466, 125, 421, -190	-339 -317 -375 -238 -308
159, -55, 93, -125, 466	135 -102 473 -205 -140
46, 172, -140, -290, 221	202 3 -208 160 184
-295, -296, -166, -176, -360	368 -345 -342 75 28
330, 155, 10, 489, -445	-458 32 -59 -287 -242
-33, -167, 235, 337, -448	447 136 150 245 374
452, -51, -403, -382, -156	-57 295 80 -241 -65
338, 312, -161, -93, 239	-346 -398 375 203 266
385, 366, 392, 116, -280	-2 -46 -39 -411 433
-434, 227, 412, 447, 384	-193 251 -394 -4 247
361, 402, -224, 296, 220	187 -167 63 26 -312
495, -211, -458, -213, 234	-23 -370 53 -430 -120
374, 152, 149, 157, 246	-495 26 31 263 372
481, 119, 302, -1, -475	-320 -80 -340 301 420
131, -202, 150, 226, 54	-499 -90 -471 -102 -53
-126, 175, 207, 81, 494	-486 476 -146 -39 -387
-138, -480, 133, -216, -180	303 150 318 417 132
-251, -186, 335, -386, -365	118 -319 -482 10 434
-280, 31, -256, 416, -268	-256 332 -429 -161 -394
191, -149, 249, -380, 425	-335 -410 -154 113 -384
-159, 5, -100, -444, 211	26 142 480 -425 -267
-248, -490, -342, -320, 433	-492 51 289 -33 72
98, 463, 150, 130, -307	-138 -288 -234 228 260
285, 319, 346, -411, 45	195 -372 312 355 238
23, 262, 348, 391, -44	143 399 293 -398 -320
-482, -373, -77, -145, -355	434 281 366 61 90
-11, -57, 95, -25, 295	-10 6 -289 6 -445
307, 443, 114, -156, -211	129 -211 330 -191 91
-396, -479, -496, -11, -471	61 -88 -190 46 243
-419, 139, 189, -353, -286	-339 -492 315 220 350
-103, -11, 446, 92, -491	145 -320 -376 -484 -88
-84, 483, -148, 141, -266	-73 -234 313 -315 495
43, -134, -11, 477, 223	-82 342 381 78 -90
-497, -62, 255, -191, -18	85 -214 -236 398 -68
124, 97, 23, -360, 388	-427 416 389 65 323
-342, -343, -163, -396, 315	55 -289 -342 -458 306
-499, 149, -366, -270, -82	-162 416 334 407 366
499, 61, 442, -292, 331	332 481 125 -260 -68
-151, 26, -486, -188, 253	-143 -475 -176 -13 -69
147, 348, -84, 188, -219	-395 160 365 454 -365
431, -147, -371, -69, 362	-484 367 227 -113 77
-385, 333, -62, 171, -349	297 357 72 -351 -212
357, -483, -215, 41, -411	-443 176 -161 -491 -270
297, -174, 222, -315, -421	-368 -124 -75 176 101
-480, -278, -87, -359, -297	-123 -363 -350 207 -429
-461, -269, -174, 478, 125	220 -338 -133 192 -1
-282, 473, -211, -182, -334	-445 196 270 24 -305
-4, 464, -26, -327, -128	429 403 -431 -437 130
-479, 461, 284, 366, 386	323 -21 -33 -54 -374
221, -208, -17, -489, 378	-404 -324 -186 -10 425
-440, 133, 21, -386, -397	202 137 126 -274 -416
-299, 152, -258, -126, -257	275 -226 -403 -179 -81
-278, 291, -397, -80, -286	-84 464 -395 14 258
246, -455, -299, 238, 137	-206 45 120 -354 405
-34, -33, -481, -277, 325	-287 -412 157 -195 438
148, 117, -101, 32, 221	430 133 248 -191 418
74, -72, 183, 24, 434	-267 17 -459 51 171
-442, 430, -12, 384, -171	102 -30 476 152 -53
407, -27, 16, -482, 93	176 -321 -462 -465 226
147, 434, 43, -96, 79	-105 471 160 459 175
245, -202, -165, 187, 104	-381 317 151 -260 -300
-302, 365, 350, -162, 98	48 -383 239 -434 -380
-304, -99, -198, 112, -489	-488 460 -431 160 70
68, 32, -59, -292, 35	-149 31 -238 354 288
-138, 481, -485, -333, 464	-10 23 -361 -459 397
465, -280, 126, -119, -22	-474 -150 -307 355 -243
-399, 351, 466, 272, 81	-362 367 19 267 459
456, 85, 332, -361, 410	297 -395 182 500 -142
-471, -12, -438, 291, 33	-219 62 -499 280 -457
89, -198, -398, 12, 60	139 -118 450 -247 381
374, 104, 431, -211, 38	-193 172 -424 -307 -273
-445, -489, 355, 10, 31	332 32 446 54 223
-499, 306, 494, 47, 305	193 15 -133 -143 -232
-492, -259, 371, 4, 257	-246 -52 -360 489 -378
211, 8, -27, 10, 448	-344 322 233 418 164
241, -175, 103, 178, -28	208 -290 455 83 364
317, -357, -244, -4, 289	220 -405 331 244 11
-345, 491, 499, 20, 60	-110 440 -127 406 -24
-155, -379, -219, 258, 43	-420 106 469 330 42
423, -278, -358, -446, 441	375 224 175 -331 194
395, -386, 386, 255, 425	-438 -353 -26 496 -333
-140, 299, 493, 454, 10	-204 -159 209 -462 -308
176, 343, 325, -315, 426	-266 58 115 -350 -449
347, 55, -294, 490, -289	315 20 129 444 -304
456, -304, -316, -275, -347	-230 -261 260 -164 -464
15, 179, -269, 54, 80	-349 -112 -412 256 223
218, -297, -492, -276, -287	-386 377 -337 -386 -69
191, -175, -122, 437, 141	34 -78 104 292 462
-311, 292, 431, 325, -315	-126 -147 94 16 -373
-365, 33, 404, -167, -292	12 -138 -239 339 346
-189, -442, -175, -464, 198	-449 447 61 -64 -121
491, -252, 145, -113, 403	-55 -149 133 -373 69
-405, -457, -443, 297, -123	-275 -244 -421 309 -336
-25, -88, 287, -476, -306	-294 172 495 -360 -225
350, -34, 34, -110, 430	356 311 -140 208 -484
-383, 228, 189, 468, -365	-207 422 82 -27 -362
498, 277, -212, -419, -362	-458 -70 -486 108 -431
500, 249, -238, 311, 73	479 -20 -367 60 -229
-14, 255, -297, -168, 218	109 -32 -55 13 -366
62, -253, -489, -123, -181	264 385 -346 394 -295
225, 236, -435, -77, -415	-190 500 -135 -491 -331
155, -3, -79, -254, 187	391 186 -114 41 224
-176, 288, 448, -472, -225	340 299 4 357 284
-195, -207, 260, 277, 256	-174 -440 460 -416 -436
262, -213, 236, -262, 481	-135 -99 64 499 426
-57, -441, -89, -489, -256	456 402 340 129 -97
263, 220, 401, -160, -296	229 390 165 274 -285
-212, -218, 158, -401, -68	-87 176 -272 162 -137
-475, 0, -467, -67, 273	293 221 -127 131 -437
-473, 20, -122, -207, -213	140 -62 322 -77 397
174, -182, -445, -173, 189	-351 -181 231 463 -442
-192, -316, 47, 396, 163	-340 296 382 -97 393
-122, -402, 315, -175, 162	493 -219 -249 282 358
345, -99, -241, 390, -487	-170 4 -137 -232 -269
149, -338, 80, 6, -64	387 381 12 -225 -391
-4, 292, -138, -97, -114	-178 499 141 346 249
248, -6, -357, 15, -474	184 362 111 -113 462
137, 24, -164, -184, 52	388 328 468 284 -279
-305, 258, -223, 288, 369	49 275 302 316 68
-12, -359, 325, 447, 223	-81 57 -452 -207 -416
447, 45, -178, -110, -72	-374 196 334 -163 405
255, 229, 207, 468, -339	380 -286 -145 -279 -152
61, 301, 352, 217, 5	-335 -235 -358 22 -394
422, 124, -491, -465, 166	-50 18 -102 -451 207
-242, 37, 347, 269, 186	-406 -318 -458 373 -10
381, 165, 458, -158, 31	252 -478 -205 326 -436
-246, 136, -431, -12, 32	-41 274 60 -43 204
218, -436, -230, 276, -440	170 461 392 -81 258
259, 63, 364, 187, -145	485 -444 -143 373 188
-44, 273, -492, 152, -216	427 -307 387 -126 -94
-236, -192, -192, 483, -482	-190 -10 201 -164 -2
273, 91, 376, 383, 204	447 88 -229 -289 -90
254, 113, -378, 385, -211	23 -240 425 -284 -395
268, 218, 404, -466, -421	-224 221 -151 178 245
-175, 224, 178, -146, -378	-141 378 196 325 -212
-235, 382, -118, -468, 144	-335 293 183 -72 -453
274, -176, -121, -343, 136	162 237 291 -286 499
-390, -474, 233, 173, 37	-27 313 413 168 499
-97, -379, -41, 97, 364	-304 -400 -235 -388 -448
-303, 412, 305, -118, 195	119 -445 320 419 -51
-255, 53, -63, 324, 284	115 -162 199 -250 -157
-356, -117, -478, 238, 500	308 314 -254 -80 -353
236, 10, -380, -71, 332	264 -102 -498 -345 -4
-433, -334, -214, -456, -134	298 -471 -162 381 50
-20, 292, 69, -270, 204	296 419 467 -151 -431
-386, -74, -67, 51, -99	-372 -277 467 -295 488
-281, -402, -492, 425, 324	250 -126 -175 -498 -173
337, -461, -443, 51, -419	234 -232 463 496 344
135, 476, 29, 275, -210	-408 259 185 -111 131
-139, -196, -295, 7, -445	-380 92 247 -3 -315
-38, 395, 352, 95, 309	-485 151 20 -6 -487
-467, -463, -31, -189, -361	-80 -331 -179 230 -31
-431, 287, 353, -15, 119	469 112 476 352 392
-223, 244, -67, 428, -271	-109 168 -274 -143 156
-8, 454, -237, 103, -363	-5 -317 -479 433 323
284, 23, 285, -259, -285	-290 -376 -23 123 -406
-433, -435, -431, 403, -242	-388 -205 -469 234 72
-338, -93, -7, 493, -193	32 329 -401 361 92
-146, 451, -29, -12, -409	436 376 -227 -112 435
12, -26, 199, -180, -471	-398 198 -340 -95 -225
-425, 31, -190, -182, -204	219 313 476 -5 -215
-417, 176, -75, 183, -259	-424 389 -361 298 -481
9, -171, -444, 193, 261	-415 -144 357 -458 -255
264, -33, -475, -128, 236	392 170 456 414 -44
316, -212, -381, -49, -464	342 -461 396 466 272
-498, -132, -132, -19, -351	-15 -254 483 378 187
491, -435, 280, -36, -476	16 86 -92 -17 29
-374, -478, -93, -416, 339	-45 -295 -199 -392 -285
16, 14, -180, -443, -163	-173 -211 375 -78 -343
-307, -423, 342, -116, -421	-277 -348 -428 -378 -330
-8, 21, -80, -4, -46	-327 -333 -208 39 -96
-184, 403, 270, 499, 325	-322 76 323 314 -363
500, -303, 288, 327, -448	-63 115 -260 -188 -26
107, -360, -444, 166, -6	-229 345 -461 274 -336
-92, 360, 154, 157, -152	302 163 386 -232 442
75, -336, -83, -24, -139	-372 -491 -443 219 -77
241, 390, 125, -184, 438	224 -338 471 201 95
-469, 446, 379, 380, -20	24 -342 -427 -381 -385
-223, -271, -100, 104, 473	157 -432 141 280 499
397, 262, 379, 494, 133	-321 405 -317 -500 36
417, -240, 8, 304, 184	424 244 244 164 -316
-69, 118, -408, -483, -326	-417 145 -385 -64 70
243, -408, 392, -43, 313	112 19 271 490 3
-63, 198, -64, 418, -82	-7 -17 -468 273 124
-1, -495, -268, -188, 250	-169 -421 80 -79 268
496, -322, -248, -420, -376	-280 -387 -495 434 -266
239, -85, -66, 490, -160	-151 277 -88 -251 104
-129, 447, -496, 31, -145	494 475 -381 -498 114
384, 82, -367, 65, 54	-355 51 -420 -123 257
-85, 399, 227, -66, 442	308 -234 -225 -29 -290
4, -403, 13, -172, 432	382 -413 -49 240 332
190, 371, 108, 91, -44	436 281 366 115 -216
-180, 324, -77, -113, 301	129 432 -27 -113 132
197, -163, 274, 307, 275	-62 308 13 -7 -448
-235, -185, 187, 32, -163	-166 -369 416 -301 -196
363, 21, -173, -443, 39	336 63 -306 69 -404
-40, -124, -425, 46, 461	388 -25 -376 363 -487
197, -261, -2, 475, 157	-46 419 -408 -214 -468
-77, 202, 413, 499, -2	-14 -107 301 5 -16
-177, 437, -183, -141, 75	47 94 -56 473 -21
-83, -437, -276, 219, 254	6 149 -63 405 439
198, -302, -22, -86, 36	-399 -382 -114 326 435
452, 281, 285, 249, -369	262 400 345 -390 -255
-154, -384, 393, 95, -323	-316 -121 54 -306 410
-244, 260, -128, 142, 117	95 289 -385 -79 380
484, 1, -378, 489, -66	-457 57 -112 19 -78
-282, -120, 266, 250, -382	370 -333 60 42 -287
-311, -234, -122, 41, -468	73 -300 -50 -352 417
-145, -219, 339, -167, 255	443 -184 -177 311 431
-328, 460, 475, -408, -362	495 -350 -126 -348 -15
-39, 118, 152, 142, -358	114 -425 179 1 -494
-169, -264, -427, 422, -65	-307 -406 79 287 -226
-128, 4, -20, -48, 9	-37 -9 353 -312 173
317, -366, 282, 284, 475	-315 -476 83 -102 498
-495, -18, -149, 283, 206	366 198 -163 -497 -90
9, -133, -90, -24, -495	54 -46 96 -182 -52
169, -454, 150, 493, 68	210 340 464 410 208
-477, -396, 112, -356, -379	-25 -155 480 106 -108
196, -138, -311, -98, -2	-263 -148 -397 17 -89
354, -410, 378, -308, -189	-29 -408 84 -346 292
-325, -22, 93, 78, 418	156 -333 358 -252 238
84, 477, -58, 324, -323	40 -124 -293 161 431
-5, -18, 128, -358, 488	-219 483 -106 499 -445
303, 171, 423, -396, 250	55 158 347 263 67
419, -451, 429, 269, -244	437 141 -7 403 105
-305, -225, -45, 164, -449	126 -373 -122 399 -253
-166, 41, -103, 220, -153	220 -221 265 -184 -161
-293, -368, 77, -352, -57	-395 424 233 64 -127
445, 80, -38, 396, -473	347 279 46 57 204
-217, 264, -146, -225, 321	389 -138 458 -277 459
-499, 153, -178, 402, -216	155 -142 137 451 303
-310, -307, -37, 68, -55	-337 306 262 -149 119
-257, 198, -222, -405, -54	449 185 85 427 -369
-290, -113, 46, -476, 277	-439 120 -33 -481 239
139, -283, -392, 484, -332	-126 -458 -319 283 123
405, 422, -277, -44, 344	-349 -80 237 286 498
-349, 216, -3, 295, -149	-469 337 -197 -397 -78
-310, 99, -295, 118, -409	-487 -32 -266 119 232
-318, -387, -183, -10, -209	-439 416 -183 251 460
480, -356, -407, 390, -262	-368 -44 -83 -316 225
-357, 129, 461, 291, -55	340 -123 117 -337 -113
450, 160, 475, 285, 137	365 221 124 -409 -101
-454, 348, -171, -136, -40	314 -182 -47 418 436
-118, -73, 288, 360, -445	152 256 -356 -481 -440
-162, -38, -294, 401, 429	135 472 -122 -60 -215
399, 99, -11, -436, 313	-352 345 401 -215 457
-72, 136, 451, 278, 84	-454 -223 99 -451 161
-272, -493, -207, 417, 367	43 243 138 134 477
236, 319, 220, 320, -417	-187 -138 0 -362 391
-287, -264, 427, 118, 432	-282 -162 135 -39 371
-208, 49, 367, 90, 67	176 -357 -448 407 -278
147, -93, 89, 116, -370	386 137 -188 -76 -180
354, 44, 285, -41, -344	-31 -45 -245 -172 -169
64, 162, -455, 112, 26	-324 -444 421 -39 -409
429, 57, 130, 140, -379	123 395 168 377 314
-201, -357, 151, 88, 198	-462 281 282 -406 487
-293, 458, 441, -428, 428	-25 300 -7 206 263
262, -280, 31, 359, -20	-448 459 -411 -442 -69
21, 62, -348, 101, -485	-344 -60 457 291 -121
-145, 50, 57, -433, -386	260 -217 -171 305 170
108, -106, 477, -195, 396	-47 420 -352 -91 147
-228, -9, 38, -428, -147	46 -137 347 -493 28
-489, -158, -254, -384, -444	-460 157 -477 -285 67
64, 452, -154, 116, 433	377 -159 -127 497 -96
304, 251, 253, 27, -381	-118 -475 -322 -139 -77
-224, -369, 272, 420, -199	45 -240 419 292 -167
-346, -133, -39, 90, -490	416 356 -453 -66 -341
-333, -302, -190, 380, -62	-476 150 341 -421 197
289, 473, -467, 287, -54	95 -396 97 -221 204
-500, 461, 356, 56, 347	-150 434 120 131 230
-264, -7, -203, -472, 263	55 -291 437 118 -346
278, 401, 129, 183, -321	-378 461 -35 463 291
151, 440, -10, 292, 196	166 -76 403 -154 64
-470, -77, -223, 169, 35	416 -279 497 -419 -496
259, 435, -319, 313, 81	-144 465 240 450 447
-394, -170, 86, 385, -343	279 356 -301 185 124
90, 363, 460, -73, 31	-217 366 -102 -381 -410
-499, 218, 165, 297, 365	-241 499 -91 447 -267
126, 117, -293, 459, 227	56 -37 -452 -406 495
414, -239, 418, 410, 128	-392 128 31 -7 -204
-152, -405, -308, 108, -42	158 -485 155 -74 477
42, -391, 309, -66, 254	-112 -464 -228 88 -492
128, -394, 247, 407, -481	-341 388 132 373 -455
182, -67, -76, -416, -278	177 -282 130 -13 -189
429, 410, 59, 240, 115	-3 -262 -30 -69 34
17, 61, 455, -487, 497	-294 -381 -144 -321 380
-150, -423, 37, -264, 336	476 388 -283 -191 -267
324, -378, -151, 468, 375	463 -372 147 -270 315
204, -296, -410, 471, -209	389 228 114 -384 351
228, -395, 283, -263, -67	-236 474 185 6 210
488, 482, -240, -246, 305	325 -198 179 85 -219
-381, -212, -217, 406, -447	-213 -12 -289 -233 -373
226, -22, -160, 393, 254	-333 -192 -234 202 -355
-277, 216, 230, 10, -168	243 465 -317 301 306
410, 431, -146, 234, -263	217 -465 -243 -259 -130
61, -30, -244, -246, -147	-242 84 114 478 -184
-364, -431, 357, -47, 410	339 299 181 -388 -400
-2, -202, 290, -198, 79	357 137 -306 103 -339
181, 119, 411, 432, 185	-223 269 482 71 -27
436, -251, 390, -453, -475	-202 -269 -87 -212 427
424, 467, -97, 400, 54	-302 -355 340 335 -449
-116, -492, 2, 214, 138	-76 -250 54 278 -411
-343, 423, -340, -147, 375	-85 346 -376 472 315
-172, 259, -30, -458, -91	419 -182 263 -186 128
-201, 254, -198, 155, -280	-257 271 129 -70 222
412, -167, -222, -118, 100	97 -307 468 -495 470
-282, 468, 386, -437, 82	-352 261 463 311 286
-258, -353, 58, -72, -237	-247 -161 60 -452 189
407, -98, 57, 249, 200	-228 157 101 286 -192
154, 36, 295, 118, 39	65 -114 -313 -272 -409
-241, 481, 271, 470, -36	-56 497 -241 247 -444
361, 161, -172, 432, -145	-372 481 286 331 463
-163, -412, 121, -407, -236	-264 309 364 -378 70
-449, 476, 440, 442, -422	-203 454 29 -480 -108
32, -195, 451, 219, 219	-162 -251 -334 -162 366
-280, -417, -449, -318, 379	-34 486 -198 192 -155
-333, -267, -187, 190, -43	-404 244 306 -226 457
452, -425, 369, 24, -437	-315 212 -169 264 397
235, -381, 487, 125, -193	-87 -194 -36 279 474
-367, 371, -250, 464, 379	166 288 -159 233 162
405, 374, -329, 119, 269	-41 -209 343 -281 -427
283, -495, -474, -90, 241	-258 448 -355 -344 -176
267, 212, -17, -64, 205	-131 -401 -195 -43 16
-201, -171, -391, -446, -287	-425 -381 -280 -500 -369
-380, 2, 469, -252, 24	-403 -143 351 -410 29
-490, -105, -110, 86, 86	368 -464 -221 -365 281
-411, -81, 462, 445, 330	233 451 76 -157 230
-269, 277, -382, -234, -39	258 -488 -16 231 243
-448, 293, 497, -243, -59	382 -332 308 -390 478
-180, -443, -119, 494, -451	-40 164 470 475 80
447, -397, -439, -336, 89	499 -61 -148 -32 -472
348, 7, -406, -263, 129	-201 -14 -382 133 166
-215, 245, 132, 494, -200	-413 -494 -456 -1 172
-389, 283, 2, 58, 266	317 307 463 182 -288
321, -24, -495, 361, -91	-156 -171 -93 -380 -334
100, 450, 342, 99, -96	109 -42 -291 -458 -490
276, 85, -173, -35, 5	-385 495 -18 249 -5
262, 299, 379, -354, 253	-150 -216 -485 -285 338
119, 468, -220, 462, 251	-135 -38 -149 -161 366
-236, -93, 461, -203, 336	324 275 53 247 183
244, -35, -103, -248, -123	0 122 -441 369 -409
-249, -432, -203, 381, 438	-243 61 -440 -142 89
-350, -132, -143, 268, -139	207 114 69 -429 -277
-363, 271, -418, -2, -121	333 -286 -21 374 -437
-149, -88, -108, -21, -162	211 196 176 -259 111
-469, 208, 344, 486, 418	345 457 98 200 234
-193, 272, -175, 273, -81	-158 -182 81 115 5
338, 406, 310, -199, -251	-382 322 -287 494 389
-295, -372, -135, -339, 144	-81 -166 -136 -464 -346
296, 69, 149, -337, 379	-174 76 360 -114 148
42, 270, 406, -385, 319	100 184 -249 -336 -58
-220, -243, -317, -110, 185	-433 230 377 -229 178
-205, -436, 243, -285, 270	385 -458 -278 493 -493
236, -18, -310, -124, -89	-83 -483 -222 423 -120
-368, 57, 452, -190, -279	-465 -376 -439 -279 179
482, 88, -465, 93, 263	383 492 -288 222 309
-146, -286, 40, 269, 61	-151 -88 237 -341 475
-211, -197, -109, -394, -19	31 287 -129 -139 218
-235, -403, -487, -429, -119	-494 -411 145 -420 302
353, 466, 498, -315, -185	-35 -298 298 490 -352
55, -341, -467, -416, 220	-38 -400 -64 -176 -140
410, -252, -337, -332, -490	-271 482 285 -454 -232
-263, 50, 162, -347, 127	-223 -153 29 -42 -276
-52, 237, 433, -308, -24	144 155 300 266 313
454, -425, -334, -1, -36	-348 -47 203 219 119
-423, 233, -252, -365, 26	66 -28 -476 462 365
377, 4, -364, 173, 320	342 310 -489 -210 -55
-77, -86, -420, 201, 116	-159 187 3 -374 -226
-18, -387, 215, -183, 259	427 -51 -119 -75 407
-279, 358, 200, -69, 35	-169 -9 481 -31 421
-22, 248, 205, -348, 295	59 72 -307 335 417
405, -89, -197, 361, -464	204 62 -193 437 -154
-235, -390, 187, 243, 107	-26 -497 -286 127 -55
331, -472, -328, 429, 198	258 -333 -214 -499 -204
295, -84, -331, -461, -52	-198 -178 65 72 -54
485, -64, -348, 94, -126	-177 152 351 -476 -364
238, -244, -195, 166, 400	297 -399 24 146 -13
-225, -265, -412, -419, -252	144 -17 -412 -32 471
-485, 309, 305, -194, 269	-240 171 382 -134 -358
325, -44, -107, 102, 407	-223 412 16 -250 -57
363, 451, -67, 179, 223	257 -327 411 -179 412
338, -181, -49, 49, -166	330 281 -4 470 204
27, -223, 454, -405, 386	-134 -377 237 -178 -107
493, 270, -448, 340, -202	23 154 144 -39 476
376, -159, 247, 266, -64	-270 -476 -20 330 59
41, 471, -128, -152, -74	81 -44 160 -82 91
-422, -255, -345, 456, -286	116 447 -120 423 78
-288, 112, 73, 333, 492	-282 444 3 404 -224
-310, 491, 361, -308, 274	-56 -266 34 313 472
83, -351, -386, -422, 444	47 134 -446 -51 -454
254, -480, 146, 184, -369	463 403 -12 165 478
214, 39, -119, -207, 47	145 98 -232 -434 179
-242, -219, 8, -371, 473	-320 308 347 313 453
41, 160, 493, 188, 266	-489 -378 -112 96 -376
498, 203, 315, 205, -73	-382 -441 -382 218 -52
337, -395, -286, -297, -452	104 -464 4 -149 -428
189, -363, -205, -426, -292	153 -129 393 421 -23
272, -30, 50, 54, -288	-447 -145 373 -380 420
-36, -208, -423, 93, -142	499 295 -98 -10 246
-205, 477, 164, 57, -4	116 475 14 223 -149
413, 295, 328, -336, -5	-361 -26 67 -240 -316
293, -273, -221, -6, -342	99 326 373 187 -129
249, -56, 150, 202, 469	-282 -360 202 -53 342
-430, 358, 101, -344, 154	-10 279 76 421 -234
367, 320, 173, -162, -357	26 321 440 321 -143
-325, 332, -242, 41, -127	-142 -341 -8 -493 -249
25, -69, 160, -279, -214	466 256 -189 -476 111
-449, 182, -388, 96, -165	165 -354 51 44 254
429, -98, -314, 419, -153	40 418 197 412 -247
1, 382, -274, 414, 489	-62 -152 397 450 442
333, 305, -112, 478, 495	96 -14 498 -162 -199
0, -260, 192, -106, -263	159 -380 -97 -208 -444
-300, -378, 243, 328, 238	-326 192 93 277 -65
-491, 3, 108, 470, 42	-76 -345 462 -184 -88
137, 396, 469, 1, -129	297 115 102 87 380
-90, 15, -492, -50, 191	16 119 437 385 187
-369, 353, 269, -473, 225	-35 -455 -248 -202 -84
-7, -233, 433, -174, 194	-209 61 221 -26 -301
22, 212, -40, 71, -287	230 413 -469 250 -81
273, -434, -267, 422, 224	-95 -253 167 -469 349
75, -441, 148, -230, 41	434 -411 169 -127 -269
-215, -495, -162, -122, 199	303 472 88 335 438
493, 142, 58, 208, 83	-388 -256 -452 -157 216
-416, 170, -65, -127, -333	-480 -280 96 89 170
-172, 56, 369, 50, 288	-406 446 -474 2 459
430, -425, 414, -307, 118	432 201 173 473 355
-423, 297, 250, -20, 319	261 121 -214 385 -323
195, -275, 328, 319, -425	251 -72 -86 -223 -105
12, -439, 227, -96, 462	463 -44 447 396 138
-99, 390, 349, 101, -287	-217 416 296 465 -56
-345, -475, -427, -37, -230	65 499 268 494 128
-170, 192, 79, -268, -317	-184 329 -36 -350 366
389, -320, -103, 339, -340	244 -104 327 -255 142
235, -181, -215, -136, 81	290 -5 -413 -413 151
155, -215, 81, -408, 474	-272 242 -299 -102 51
-318, 267, 344, -213, -137	-406 356 -122 -485 271
174, 126, 49, 275, 60	-140 405 216 7 297
-384, -468, 205, -59, 13	42 173 54 -401 -318
342, 369, -456, 380, 425	-341 -100 -323 -334 69
-41, -153, -393, 108, -206	-381 -151 -376 -216 -485
59, -256, -200, 258, -413	-63 -68 105 373 -411
-349, 407, 458, -185, 303	-313 273 296 323 198
339, 127, 170, 33, -326	-147 -135 -368 -39 -209
-459, 128, 266, 329, -135	-77 65 -457 -41 493
118, 498, -238, -328, 262	-356 141 -162 -351 -47
-424, -232, -295, -405, -220	174 85 -200 -176 -283
-72, 313, -293, 182, 33	314 239 5 -297 42
-443, 377, -287, -259, -120	421 425 338 -156 -487
-97, -377, -30, -5, 314	-179 -430 261 -133 -455
42, 180, 331, 238, -238	286 5 -484 282 -27
316, -235, 171, -383, 226	-308 -289 -476 169 -155
-149, -417, -110, 463, -224	263 274 198 282 -241
-83, -368, 406, 328, 14	258 -191 397 108 -364
170, -280, 53, 495, -382	-258 31 279 -72 94
394, 109, -436, -394, -350	-247 -424 -421 -291 -158
-290, -395, -467, -84, -187	-55 302 -198 422 -264
122, 137, 377, 136, -420	-199 -353 494 125 297
305, -387, 413, -57, 162	-473 -232 403 292 15
-330, 229, -473, 145, -195	247 177 -391 -39 47
-23, -376, 244, 54, -327	396 377 101 317 244
-105, -11, 103, -33, 312	344 183 -244 308 -209
-357, 376, 305, -124, -312	-128 42 -306 -19 -476
165, -411, -121, 341, -391	-246 174 210 408 -275
-452, -13, 122, -350, 107	-436 -390 -336 -297 -39
-189, -425, -363, -100, 30	-2 -78 -467 328 -374
-485, 74, -213, -104, 256	243 305 177 -437 -173
344, 315, 295, 416, -333	-364 -37 147 142 12
-478, -424, -10, -216, 115	424 -227 275 229 154
295, 256, -367, 9, -397	46 2 315 -3 -167
-316, 224, -74, 461, 89	-189 -366 69 -194 7
-273, -448, 114, 107, -106	-5 90 -261 -410 290
-450, -451, 282, 239, 412	-143 263 319 1 -140
-356, 194, -223, 111, -98	128 -204 117 -202 -290
249, 303, 94, 481, 396	152 160 -370 314 -372
329, -490, 383, 446, 146	339 380 -117 457 89
-437, 228, 230, 402, -264	388 -381 -398 256 -179
355, -205, -126, -130, -329	360 36 58 26 -127
236, 17, 414, -104, -198	147 -496 -395 365 -311
176, 277, 486, -390, 148	-249 21 -364 134 475
427, -340, -408, -47, -465	248 253 -162 -272 -244
232, 425, 164, -39, 309	215 481 -468 32 -323
-328, 319, -291, -379, 394	258 185 -275 153 141
-408, 399, 409, -460, 142	-65 -155 -102 42 449
70, 486, 410, -263, -331	50 416 406 -259 -147
-328, -291, 468, -162, 74	416 -396 -324 337 -158
447, 331, -163, 75, -21	-186 -136 -101 -324 -497
-259, -384, 137, -472, -427	-159 -20 375 133 27
-66, 408, 70, -408, 369	-36 202 -143 252 56
148, 333, 281, 104, 172	127 456 216 99 -356
444, -152, 99, 192, -8	-119 317 -366 135 -490
486, -461, -209, 157, -148	405 -398 -459 260 -273
286, 127, -37, 26, -130	-186 494 -422 77 489
406, -377, -222, -319, 417	-184 -198 -396 -63 305
-320, -250, 30, -299, -435	14 8 -336 469 -257
165, 293, 403, -458, -448	-365 186 -261 170 -386
-305, -151, 493, -312, 271	-150 274 -473 -328 4
-152, -55, -115, 480, -445	471 -313 -348 -499 100
95, 179, -18, 442, 430	171 337 -88 378 84
-197, -447, -16, -209, -318	-213 354 160 432 80
256, -158, -344, -318, -42	-429 -321 -493 -164 -289
30, -432, -176, -209, -418	-298 156 332 352 -177
-32, -250, -260, 337, -189	104 -341 207 -232 295
25, -104, -421, 315, 336	-314 493 374 -64 8
34, 269, -25, -387, 259	-66 -342 173 -323 -447
-331, -176, 374, 336, -302	423 -403 -4 -402 -297
183, -388, 198, -428, -35	-255 -222 -35 332 120
-379, -457, -117, -214, 198	477 -116 28 134 454
449, 78, 462, -172, 201	-250 79 360 31 -114
78, 117, -61, 121, -91	453 -412 274 -103 359
-493, 242, 286, -284, 276	344 -319 -292 -204 -15
56, 486, -291, -64, -398	-468 -125 -212 146 243
47, -25, -92, 351, 38	-387 -99 119 109 131
424, -159, -38, 415, -11	474 -10 398 183 -126
162, -381, 157, -46, 254	339 -335 203 474 392
252, 343, -328, -83, 483	372 414 349 463 -105
-77, 42, 1, 111, -378	-414 -216 -326 249 -354
-242, -221, 128, -53, 152	246 2 -282 -21 125
307, -274, -422, -201, -351	246 -71 -16 -141 206
-163, 458, 8, -486, 88	458 388 -91 453 28
18, -451, 360, -458, 458	423 -494 287 362 58
484, -260, -374, 3, 445	437 493 97 117 492
-457, 284, -267, 40, 108	268 -218 -153 -122 -330
381, -485, -44, -334, -104	-281 223 104 -337 51
352, -115, -46, -130, 164	-267 439 -48 -348 252
316, 427, -457, 365, -242	266 -80 -101 151 318
-1, -349, 152, -454, 423	171 400 -126 306 -61
-223, -332, -448, 367, -198	-344 7 498 29 -352
-433, -353, -231, 73, -441	167 58 388 405 -421
-31, 112, -397, 231, -201	55 254 -80 -134 -242
-462, -36, 377, 453, 281	-299 197 -431 411 200
368, 438, -419, -158, 319	58 94 15 134 -36
-300, 329, -351, -319, -252	100 -2 490 450 462
457, -500, 189, -160, 371	259 435 23 24 212
-372, 63, 3, 430, -301	293 -5 132 44 149
219, -437, 314, -173, -230	-224 299 -378 333 -170
443, -231, 96, 214, -109	449 -322 469 241 413
-231, -186, -112, 275, -198	197 -56 -17 -347 -363
-30, 130, -220, -282, -429	-258 459 -240 141 -400
-241, 308, -360, 338, -198	59 -161 -146 441 -224
247, 463, -351, -40, -442	-366 302 -202 -90 187
-341, -145, -389, -174, -198	-125 -152 158 -96 -198
-92, 271, -170, -287, 448	-417 -467 -157 239 -33
185, -210, -1, 341, -194	-349 257 279 -181 82
-352, 77, 231, -108, -375	84 -242 -70 31 -67
-81, -483, -352, -221, 365	283 -402 -322 36 -491
-412, -334, 378, 286, -147	-94 -129 187 -395 258
-224, 116, 192, 332, -108	62 -187 -97 214 -159
425, 360, 95, -129, -18	-44 -492 172 -251 159
350, -40, -353, -292, -343	37 -23 -436 -468 -213
285, 71, -203, 326, -101	-81 381 -310 347 -226
440, -187, -329, 390, 297	254 322 474 -87 254
156, 153, -79, -312, -467	313 125 18 115 -291
126, 455, -100, -475, -464	-27 -5 405 77 -25
79, -238, 353, 43, -247	217 -234 174 32 -30
-253, 458, -253, 227, 361	-100 393 -239 190 -398
-156, 123, -360, 189, 428	-207 79 477 11 -440
166, 179, 321, -492, 395	-188 -92 440 -99 255
29, -281, -134, -251, 250	386 483 102 -462 385
-62, -83, -88, 63, 496	-350 480 68 156 -134
232, 426, 194, 104, -146	-379 -471 -101 -70 -171
23, -488, 402, 224, -35	-166 -396 -364 -305 3
-353, -251, 360, -279, 148	-389 90 -389 352 136
-409, -298, -442, 290, 25	6 156 -170 79 166
284, 44, -28, 162, 50	-260 -414 -398 -13 129
344, -51, -193, -247, -124	-281 367 374 -77 57
292, 201, 103, -324, 263	-421 12 41 -389 248
95, 450, 360, 234, 19	-386 238 -205 -443 483
-340, 437, -386, 268, -179	-18 -152 376 467 -279
319, -327, 55, 252, -108	380 -369 -378 -403 -39
440, -301, -344, -444, 102	-445 306 -174 462 -243
-250, 355, -365, 115, 32	189 -71 218 94 -477
384, 295, 279, 156, -80	-291 -55 -354 -236 398
-137, -61, 65, -371, 235	-1 461 -273 -341 49
-211, -343, -142, 79, -127	200 431 237 211 -415
-363, -419, -315, -221, -487	95 100 44 -229 -278
289, 40, -425, 270, 112	4 327 -225 -274 -167
251, 257, -46, -97, 188	-306 400 -410 -490 216
-146, 97, 53, 84, 476	296 -219 377 40 -247
361, 134, 349, -39, 370	-393 421 50 147 288
244, -176, -326, -178, -261	-74 -216 43 -211 415
-35, -60, 10, -298, -242	466 105 -162 -462 -63
451, -72, -444, -460, 316	-186 -142 -362 218 288
-451, 131, 5, -435, 179	-243 -447 353 -293 383
238, -344, -116, -47, -132	0 75 277 89 -280
345, 146, 44, -204, -382	380 184 -70 124 287
8, -136, -374, -369, 176	-279 -419 -73 -137 -435
112, 73, -486, 348, -404	267 -444 -254 395 236
-172, -9, 338, -1, 147	17 197 212 -303 3
-401, 154, -82, 37, -152	348 201 -207 308 219
-405, 80, 145, 339, 262	209 -272 209 174 59
56, 208, -241, 242, -462	215 377 491 -54 -127
-407, 19, -283, -362, 351	-134 223 275 -36 -288
155, -360, 4, 456, 75	-42 121 375 261 363
-274, -427, 259, -494, 305	289 201 -360 -249 -244
-365, 383, 442, -164, -472	483 -309 411 375 17
245, 113, 386, -171, -261	76 198 31 -296 -368
-221, 466, -110, 72, 464	55 205 249 -345 164
-305, 64, -435, -442, -9	29 -261 17 283 -132
156, 458, 226, 322, -26	-297 -297 -88 54 -106
224, -439, 397, -162, -455	-355 348 -88 188 314
390, 138, 287, 275, 432	-401 389 -197 493 -80
197, 371, -175, 87, -52	-439 -398 -248 3 -122
-150, 115, 279, 68, -128	200 -12 304 -370 281
-13, 409, -55, -203, -312	291 -197 -107 193 470
168, 123, 406, -11, -101	-332 -13 -443 -122 -337
-427, -80, -39, 434, -160	-473 -95 -493 -421 368
13, -99, 101, 362, -153	-473 -455 467 -229 -241
460, 53, 66, -314, 306	342 134 244 -244 154
132, -278, 224, -382, 201	234 40 -475 -185 -242
-281, 114, -84, -159, 499	319 -284 -235 -465 65
-18, -283, 324, 80, -202	-5 -387 -184 126 -67
486, 469, -431, -442, -27	445 -285 -480 247 -438
407, 3, -450, -59, 102	183 -317 -349 209 263
-358, -245, 257, 110, -483	-395 23 -10 238 -308
215, 213, -400, 320, 141	142 480 8 105 -87
-105, -343, -358, 26, 461	-56 104 -312 199 289
384, 117, 308, -170, -466	-219 -346 -309 421 182
405, -189, -41, -434, 304	305 185 -431 267 25
158, -269, 461, -439, -363	279 497 469 235 389
295, 81, 364, 51, -220	59 39 364 290 156
77, -413, 446, -382, -381	-307 453 -428 -235 -307
-83, 293, -301, -176, 448	-31 87 -456 224 -36
-15, -198, 396, 411, -103	267 -66 322 -187 8
293, 37, -86, -265, 241	277 357 -351 -57 240
74, -26, 156, -155, -291	-247 232 -135 -347 -111
-285, -364, -490, -320, 54	233 58 -486 -438 373
16, 136, -196, -155, -246	86 139 120 298 -407
-60, 392, -283, -364, -14	418 33 332 -297 4
423, -497, -152, -179, 223	410 496 370 435 -177
-328, -351, -374, 58, -15	-154 18 -89 232 -96
54, 331, -63, 183, 41	-63 160 321 99 97
319, -267, 364, -294, -164	-452 452 428 -146 42
256, 479, 305, -402, -93	396 -71 -310 168 272
-238, 274, 230, 248, 38	-472 4 -19 -423 182
233, 268, 357, -452, 26	-280 -275 -489 401 -480
-356, -1, 473, -154, 138	353 314 24 -322 -385
-267, -416, 294, 481, -41	-15 234 384 -378 280
-34, -423, 213, -349, 452	83 -453 305 -236 -318
8, 350, -493, 183, 469	-110 399 -189 155 363
-254, -261, 354, 129, -153	-325 183 83 111 -108
-396, 275, -42, 335, -424	-226 -102 488 97 -445
92, 81, 342, -175, -232	123 499 -163 -178 -1
-440, 462, 396, -66, -460	495 379 -236 136 -162
-284, 78, 451, 342, 148	-65 -136 -147 -68 -40
-417, -202, 172, -3, -309	-360 -254 -25 242 203
-186, 225, 429, 172, 152	269 102 321 -318 -228
-203, 30, 238, -33, -77	-77 437 -195 -325 -258
-188, -72, -37, 427, 370	360 457 -79 -372 64
-332, 2, -458, 199, 430	206 156 -4 410 -35
362, -217, 374, -190, -385	387 306 -390 396 -456
228, 8, -44, 7, 46	229 440 -463 321 123
307, -281, 222, 160, -328	-259 197 -366 -62 150
-133, -352, -391, -382, 49	327 -232 -110 258 -257
356, 235, -384, -420, 174	-60 276 300 145 146
-41, 198, -346, -482, 258	-467 248 -56 114 -262
253, 315, 270, 468, 14	-354 -115 -207 -323 -220
-216, -120, 239, 343, 142	142 -168 201 409 -372
473, -237, 379, 41, 115	362 -204 31 -346 -32
-175, -184, 286, -290, 329	-279 -203 174 -144 -121
-166, 325, -310, 372, 90	81 -237 468 26 -71
436, 408, 82, -247, -468	-310 275 270 -191 289
-64, 130, 159, -489, -305	475 35 222 118 -283
302, -161, -219, -331, -88	291 261 139 299 260
180, -55, 192, 370, 387	-377 -345 453 43 147
-415, 108, -129, -360, 421	-427 -67 -446 406 -405
374, -360, 249, 37, 177	-459 48 230 280 399
448, 381, -138, -314, 274	-8 -214 -329 333 -372
-357, 103, 13, -432, 47	-92 -234 270 416 -113
358, 6, -182, -350, 261	-114 219 54 253 168
75, -300, -304, 260, 77	-49 17 -466 111 -381
-435, 262, 134, 310, 176	-206 -379 -215 -150 365
113, -372, 142, 494, 7	398 -449 343 -196 69
316, -55, 470, -289, -392	-380 -409 382 -454 402
-158, -298, -479, -190, -480	92 -418 125 341 -468
-184, -473, -139, 387, -480	-323 -342 41 298 91
-164, 18, 113, -201, 402	-234 -134 -479 -483 -123
-288, -74, 414, 35, 99	-432 365 425 473 -274
217, -94, 237, -320, 462	40 168 -397 38 404
435, 111, 139, -135, 259	-88 -68 88 41 -93
335, 76, 371, -446, 385	89 394 -252 -392 -263
-184, -199, 456, 253, 196	-303 18 199 -475 290
-303, -410, -467, 224, -295	-297 183 -358 -9 -315
143, -22, -164, 466, -129	-221 -417 296 61 400
-280, -243, -215, 315, 237	97 -459 -491 -186 -438
278, 456, -191, -166, -89	-82 220 256 468 -125
190, 149, 481, 467, 160	122 -304 -122 -337 -288
273, -62, 313, 252, 50	-59 14 -180 192 -66
123, -73, 239, -99, -195	487 343 330 -83 233
361, 432, -225, -460, -165	35 300 131 -336 -411
137, -119, -295, -294, 202	-239 -57 -164 -390 489
242, 201, 58, 483, -266	-432 180 465 496 -425
215, 411, 43, 381, -359	287 129 304 0 -458
375, -94, 238, 1, -236	199 385 404 252 355
-51, -362, -36, -446, -319	73 367 333 154 32
322, 195, -336, 257, 349	-253 353 382 424 -106
19, -260, 152, -170, 107	-73 1 486 370 -202
-441, -359, -258, -208, 192	-336 -215 -273 -109 -67
-23, -97, 230, 498, -482	-218 44 329 -294 -156
-21, 299, -473, -198, 246	-391 -306 102 -347 -21
495, 280, 59, 11, 34	306 348 -112 -171 89
92, -152, 202, -466, -470	-438 118 -390 88 460
-234, 359, -489, 1, -423	-313 255 -293 -288 411
-230, 427, -229, -272, 462	-285 -252 -145 -171 -326
128, -42, 85, -165, -254	345 435 -147 -446 -302
-210, -134, -214, -370, -100	128 95 -417 481 -466
451, -264, 363, -303, 382	-472 -432 26 -210 -270
474, -490, 263, 428, -250	-253 293 -80 -46 151
316, 414, 74, 247, 110	301 400 442 254 307
78, 138, 412, -54, 393	23 100 143 185 -34
60, -290, -341, 116, -428	273 -136 468 -313 45
-466, 11, -365, 222, 347	-101 116 330 412 452
389, 258, -158, 59, 68	-439 473 118 327 -465
17, 380, 371, -393, 80	388 29 158 -356 -100
-14, -287, 401, 484, 435	160 -172 -290 -354 -107
167, -13, 239, 27, -289	45 107 354 135 175
214, 378, 436, 62, -410	-344 -81 294 247 302
-265, -195, 302, -259, 186	75 -233 131 465 152
-377, -301, -174, -52, 496	425 66 -226 -224 51
-493, 142, 330, -225, -408	-205 475 -4 374 54
62, -426, -484, 305, -237	300 -110 417 -251 -242
-278, 421, -143, 444, -436	-65 13 362 -202 470
-70, 333, -210, 182, -447	-17 339 -48 -252 450
495, -257, 157, 299, 456	-158 -74 -279 -213 -284
294, 448, 190, 83, -338	262 -274 -316 274 393
108, 165, 382, 472, -451	-236 458 247 486 -378
-337, 477, 364, 399, 44	392 -322 165 -49 63
-371, 221, 293, 250, 252	-368 479 254 349 267
461, 233, -472, 244, -271	223 15 -119 -418 196
-130, 87, 224, -60, 225	97 323 -278 442 97
-52, -139, 1, -397, -272	45 -192 -307 167 -58
465, -439, 3, 14, 378	-293 383 89 73 -294
-170, 114, 311, 138, 14	-124 192 -494 -372 -56
-16, 303, -119, 118, 229	472 -362 154 -100 -47
-165, -98, 103, -467, 11	-24 410 413 -432 -372
88, 18, -303, -316, 480	477 -231 435 -154 154
148, 498, -156, -323, -140	497 -38 442 49 -99
280, -167, -476, 0, -157	-161 254 385 -176 437
-193, -223, 139, -421, 173	475 -304 119 -306 240
-466, 297, -235, -276, 476	-360 -153 71 -82 79
-286, -397, 336, 148, -258	102 -138 -250 -489 -166
420, 71, -154, -284, 339	-41 -407 150 190 -213
445, 300, 198, -90, -153	427 -290 -312 330 -410
-76, 109, -35, -433, -214	-202 230 -460 -329 125
-417, -238, -49, -2, -48	-341 -127 -87 127 264
-249, -201, 291, 336, -262	-382 -285 -415 138 -256
280, 315, -392, 383, 240	-376 30 107 330 1
-101, -87, 481, 217, -53	378 45 144 52 -103
477, 35, -120, 352, 294	-468 -324 -24 385 -287
321, -223, 415, -318, -492	-285 177 -398 187 383
117, -31, 261, 8, -88	-491 -1 -81 269 -289
58, 396, -36, -308, -333	-488 -371 424 -317 -132
275, 70, 104, 203, -152	-13 -50 91 499 216
415, 233, 305, -221, -59	-74 221 33 67 -153
-314, -49, -176, 92, 213	366 -15 -164 237 -128
-297, 151, -368, -182, -310	-336 -446 -412 -290 -441
-222, 284, 310, -27, 206	-218 55 117 127 68
42, 205, -25, -107, -322	139 29 369 121 18
-93, 192, -260, 115, 258	474 -469 473 -98 233
-48, 371, -385, -383, 375	50 -308 -211 -211 -56
-79, 218, -261, -383, 491	265 -369 173 317 115
-383, -160, 230, 252, 217	379 431 -313 -240 -262
-188, -88, -42, -126, 327	295 -77 -336 412 -102
-3, 102, -56, 420, 352	-442 477 -450 -378 95
124, 67, -277, 307, -27	172 -165 394 143 194
-35, -363, -33, 189, -111	-500 -279 -69 58 -28
-248, 235, 91, 338, -31	-201 -127 380 127 -202
-241, 250, -219, -481, 212	233 253 -62 -304 -78
-309, 484, -373, -395, 418	456 -267 300 -434 -462
-411, 153, -9, 125, 365	-52 -249 -47 371 336
-99, 296, -458, 185, -204	-312 -48 -149 302 127
257, 408, 119, -3, -255	-465 -297 340 -479 -328
69, 431, 82, 194, -352	-439 335 442 228 -73
409, -350, 166, -481, -477	-28 438 58 417 -390
-403, 106, -174, 66, 111	-198 20 -437 315 -385
-128, -340, 151, 373, -98	483 451 -342 -70 48
335, -100, -379, 443, 212	-479 -382 242 -7 -125
-143, 380, 297, 191, -247	237 145 474 45 255
-77, 15, -30, -431, 99	229 -125 263 283 -496
-114, 100, 345, -86, 94	110 210 -121 -429 -289
-445, -390, 176, 178, -208	145 83 -282 -107 101
458, 164, 264, -383, 178	72 281 -120 -76 -203
-140, 318, -245, 441, 398	416 -434 125 183 397
318, 149, 100, -432, 190	241 -470 -10 219 -176
426, 161, -229, -339, -105	313 -18 222 266 80
-231, -138, -336, -240, 352	128 331 -362 442 -203
241, 119, 175, 461, -230	89 -452 123 139 290
-446, 266, 25, 310, -278	215 -227 -235 463 -362
57, 146, 404, -480, 385	359 185 -398 485 308
-285, -427, -350, -427, -173	55 -443 271 -424 124
20, 51, 364, 78, 441	-420 -473 358 -218 -198
383, -212, 245, -319, -252	-492 56 -90 42 -337
252, -146, -202, -427, 18	-287 226 206 34 86
-469, -119, -414, 29, -2	407 -46 472 -208 243
79, 231, 263, -381, 284	380 -235 116 -474 77
370, -139, 51, -221, -359	-457 -432 438 -208 40
50, 160, -191, 198, 95	-133 -6 324 -124 226
-474, -22, 221, -319, -99	-363 195 -478 -388 67
-1, 236, -91, -89, -384	-212 195 -485 -462 479
-153, 122, 14, 463, -335	171 -13 -47 335 -179
352, -247, -362, 310, -467	45 -347 -421 224 -432
411, -280, -414, 15, 200	-69 -332 329 377 -191
409, 318, 352, 262, -266	-155 -238 -63 391 -250
327, -92, 179, 160, -304	381 -16 -74 449 416
130, 236, -173, 155, -191	-375 482 479 257 -308
263, -201, 50, -458, -339	124 188 84 268 -295
388, 285, 381, 46, -101	155 -192 -446 43 432
-185, -331, -191, -151, -222	-223 -469 473 -467 -217
31, 93, 421, 481, 456	327 -143 -367 -352 484
-486, 289, 296, -363, 6	326 -74 41 248 266
-48, -122, 72, 43, 281	-61 121 -468 286 267
-431, -224, 450, 476, 354	77 489 485 -268 -169
-319, -18, 29, 31, 20	-9 -344 -74 -496 58
238, -462, 135, -91, 403	377 299 258 -497 12
-287, 240, 344, 300, 442	33 495 99 446 294
-395, -354, 225, -241, 373	-143 182 -102 -315 362
-361, 306, -55, -451, -142	388 230 -447 -254 314
403, 134, -361, 44, -39	-231 -105 -434 180 -484
-150, -292, -285, 288, 438	26 280 265 390 21
-294, 4, 228, 158, 75	-142 -148 -393 443 153
-46, -313, 449, 120, 64	-358 364 394 13 472
339, -453, -354, 389, 143	-396 -256 9 271 74
-65, -131, 431, -143, -83	-405 -291 458 -183 -440
468, -109, 204, 471, 414	398 54 159 445 459
-319, -313, 361, 404, 484	-226 375 -227 73 246
238, -44, -102, -98, 167	152 -31 -231 -276 -230
213, -106, 137, -204, 500	-126 -104 423 -474 61
-340, -218, -344, -478, 34	-378 57 221 238 453
15, -468, -216, -241, 58	190 169 -67 22 -373
421, -143, -444, -53, 104	75 -2 368 148 437
-435, 155, 272, -473, 144	-298 -200 -382 113 53
389, -419, 361, -306, 223	-158 -125 -312 -267 -277
499, 322, -179, 199, 437	-285 -285 -442 11 -136
-447, 186, 399, -36, 24	96 -336 -266 354 -278
-481, -134, 327, 153, 209	403 -414 -286 -209 354
-179, -249, -457, 483, 186	135 444 -344 -320 -182
-267, -481, -171, -209, -115	473 -496 -298 -107 -132
-392, 222, 156, -56, -402	158 -427 241 -245 477
-289, -331, 84, 264, 359	-140 128 272 -328 -164
321, 169, -66, -79, 365	356 -16 -312 229 268
-329, 170, 104, -357, -227	384 460 -467 -196 151
-475, -26, 419, 147, 229	-200 58 171 -378 -475
27, 57, 36, 106, 377	-480 333 364 -187 162
-230, 359, -412, -494, 82	355 -324 231 376 -168
-15, 421, 500, 179, -303	-368 383 340 110 -349
75, 287, -146, -34, 405	-56 283 -258 64 293
-109, -365, -94, 369, -314	-260 -391 -318 31 -85
-31, 477, 277, -376, 193	190 -138 64 500 -412
-239, 363, 332, 155, 77	354 102 327 -157 82
-483, -69, 35, -253, -35	402 -475 367 -378 -208
-275, 104, 36, 18, -387	200 210 240 -236 214
54, 35, 428, 20, 171	413 -157 -278 48 428
205, 335, 371, 340, 436	139 474 -34 -377 -133
111, 255, -268, -129, -280	-5 -300 392 -225 494
-116, -170, 363, 212, 358	343 13 3 -173 126
42, -253, 333, 193, 192	337 -491 305 -324 -16
-236, -244, -48, 301, -336	-470 -134 237 431 -498
-13, -346, 12, 41, 487	-123 70 -454 -231 -399
19, 320, -87, 478, 154	-213 215 462 -485 276
-52, -245, -144, 233, 12	-420 283 385 -178 386
-98, -156, -477, 106, 230	-35 -466 -103 -356 -430
-7, -320, -223, 59, -290	496 137 33 -308 -301
79, 173, 77, 467, -439	224 158 317 213 -155
-165, -285, -387, 352, -497	278 396 55 85 -236
340, -30, 222, 383, 381	-345 -71 181 -412 34
-156, -193, 27, -131, 89	68 170 443 401 -373
305, -171, -89, 222, -461	-372 454 -350 -217 277
426, -318, 409, 15, 274	-157 15 209 -370 221
-266, -388, 337, 305, -248	143 -128 -36 -74 -68
363, 23, -473, -15, -151	269 -349 -224 466 -411
-291, 59, 247, -285, -439	365 -152 120 -216 -118
19, 386, 331, -454, 182	432 481 439 413 -170
-185, 100, 470, 77, -286	-226 471 90 346 -453
367, -95, 354, -463, -300	267 9 -223 -235 375
360, -422, -16, -338, -444	389 -327 247 -120 -445
39, -375, 340, 333, 31	-497 -395 363 262 -484
-256, 450, 218, 359, 127	132 367 -206 -246 -292
413, 403, 47, 412, 405	69 15 398 -329 -499
115, 259, -481, 181, 91	362 226 320 -496 222
473, -103, -128, 323, 243	75 83 221 47 -76
-325, -156, 156, 193, -158	113 -130 -24 -235 -147
63, 293, -11, 141, -114	-202 105 117 -401 495
-401, -104, -157, -323, 389	436 -107 210 -90 140
142, 130, 298, 85, -238	-400 289 373 386 50
-394, 321, 355, -120, -475	-195 197 -19 33 474
-320, -478, -276, -496, 468	-192 481 -376 51 -3
415, -131, 129, 358, -163	122 115 286 -44 -141
5, -21, 157, 333, 419	241 -396 235 385 -167
486, -38, 308, 315, -267	434 51 -358 -49 -83
147, -125, 95, 459, -266	-495 343 -378 -453 -207
-187, 416, 344, -491, -401	499 -20 -243 455 446
374, 382, -395, 232, -245	-419 349 465 377 484
-277, 476, -236, 156, 193	-260 -221 -29 20 69
87, 283, -45, -21, 121	18 -41 -192 -473 327
-218, 146, -454, 463, -463	-322 36 311 383 -253
-496, -455, -308, 39, 481	425 74 -36 89 494
82, -393, 279, 331, -159	296 132 266 -357 449
58, -40, -37, 342, 348	189 86 367 -216 -186
484, 348, -124, -28, -80	37 127 476 -218 -254
215, 177, -442, 225, -326	12 188 413 379 101
446, -296, 290, 130, 7	-112 -377 317 -274 368
-362, -246, -100, -185, -495	344 -335 -459 -306 195
-13, -47, 120, 1, 239	232 -160 223 -302 -7
-44, -414, 461, -35, 208	-36 -474 224 467 -443
105, -164, -350, 409, 73	-136 99 167 2 -189
196, 264, -251, -33, 95	-262 329 -333 493 73
310, 395, -72, -280, -111	-290 259 -198 -14 300
92, 79, 132, 412, 500	-383 286 336 -311 405
-32, -404, 33, -498, 252	132 -72 28 114 294
-374, 345, 410, 403, 23	175 214 -11 -468 279
67, 170, 140, -402, -224	-387 401 -34 -20 115
-327, -84, 105, 303, -242	140 -203 480 -55 -398
311, 167, 356, -12, -260	341 -115 -122 -452 -406
-174, 138, 382, -439, -388	338 307 -353 29 -21
-272, 44, 264, 103, -440	420 434 495 294 388
-494, -390, 16, -259, 232	17 -339 -200 -52 447
452, -357, 292, 336, -236	-149 475 494 71 89
111, 377, 125, -54, 5	-96 -84 -477 81 -43
-83, -469, -71, -148, -71	265 -264 246 -432 -198
-462, -329, 35, 218, -295	90 158 348 -289 -291
500, 421, -110, -289, 480	177 343 -185 -444 -185
154, 240, 437, 481, 192	-96 -155 53 414 -314
340, 35, -497, 208, 133	300 -155 22 472 147
-1, 500, -457, 307, -73	-55 -197 -100 374 -122
-389, -487, -194, 132, 235	-102 355 392 189 -64
286, 229, -453, -7, 187	139 -50 -262 -76 -9
-25, -22, -468, 126, 219	385 455 -432 115 -335
124, -102, 411, -391, 427	-453 -349 -430 190 403
-495, -79, -266, -17, 239	246 150 -5 -295 153
188, -450, 290, -397, 366	17 352 -48 -421 372
287, 333, 250, -118, -65	-209 -244 -44 125 -380
-48, 475, -332, 303, 159	-45 -463 262 339 -128
165, -436, -476, 152, -298	-312 99 -277 186 -363
422, 42, -89, 465, -46	224 -30 203 188 -440
133, 414, -344, 313, -278	-480 -8 367 95 -282
-246, 431, -57, 409, 145	-435 -399 -83 -147 270
-492, 237, -238, 440, 207	-3 -417 43 129 479
303, -138, 111, -92, -387	-419 68 -418 106 480
-196, -355, -172, 315, 336	-316 -299 430 -349 -92
-337, 326, 108, 69, -338	338 -102 243 -200 489
470, 163, -179, -275, 361	170 -259 -194 22 77
313, 345, 192, -201, 232	-167 439 139 -367 108
-228, -287, 443, 327, 60	-41 35 163 -304 -41
-102, 243, -255, 181, -10	-263 -2 -431 -465 -484
-56, 487, 291, -500, 287	38 274 -176 -308 21
